# t(s) nu(Hz) Fnu(mJy) eFnu(mJy) upperlimit Instrument
7287.087000 1208994621000000000.000000 0.002317664 0.000506538 0.0 XRT_5keV
7311.499000 1208994621000000000.000000 0.001727746 0.000389494 0.0 XRT_5keV
7341.466000 1208994621000000000.000000 0.002537297 0.000569203 0.0 XRT_5keV
7367.079000 1208994621000000000.000000 0.001810907 0.000397012 0.0 XRT_5keV
7400.623000 1208994621000000000.000000 0.001938168 0.000415670 0.0 XRT_5keV
7443.029000 1208994621000000000.000000 0.001585138 0.000318266 0.0 XRT_5keV
7471.220000 1208994621000000000.000000 0.002882715 0.000648803 0.0 XRT_5keV
7496.029000 1208994621000000000.000000 0.002401870 0.000524942 0.0 XRT_5keV
7525.483000 1208994621000000000.000000 0.002358807 0.000419533 0.0 XRT_5keV
14208.515000 1208994621000000000.000000 0.001480363 0.000333181 0.0 XRT_5keV
14242.241000 1208994621000000000.000000 0.002222772 0.000501912 0.0 XRT_5keV
14280.568000 1208994621000000000.000000 0.001691657 0.000362265 0.0 XRT_5keV
14313.298000 1208994621000000000.000000 0.001575154 0.000345864 0.0 XRT_5keV
14355.314000 1208994621000000000.000000 0.001049085 0.000236501 0.0 XRT_5keV
14410.410000 1208994621000000000.000000 0.001562098 0.000308664 0.0 XRT_5keV
19705.320000 1208994621000000000.000000 0.001528904 0.000342986 0.0 XRT_5keV
19771.288000 1208994621000000000.000000 0.001130859 0.000190017 0.0 XRT_5keV
24291.142000 1208994621000000000.000000 0.000750702 0.000170791 0.0 XRT_5keV
24372.004000 1208994621000000000.000000 0.001089022 0.000246200 0.0 XRT_5keV
24457.881000 1208994621000000000.000000 0.000994901 0.000224922 0.0 XRT_5keV
24529.971000 1208994621000000000.000000 0.001404465 0.000316019 0.0 XRT_5keV
24588.390000 1208994621000000000.000000 0.001449682 0.000326706 0.0 XRT_5keV
24672.127000 1208994621000000000.000000 0.000912175 0.000208520 0.0 XRT_5keV
24760.014000 1208994621000000000.000000 0.001055071 0.000239279 0.0 XRT_5keV
24858.655000 1208994621000000000.000000 0.000683603 0.000155279 0.0 XRT_5keV
24964.232000 1208994621000000000.000000 0.000965349 0.000219625 0.0 XRT_5keV
25064.900000 1208994621000000000.000000 0.000899075 0.000204547 0.0 XRT_5keV
25165.820000 1208994621000000000.000000 0.000910624 0.000206520 0.0 XRT_5keV
25256.361000 1208994621000000000.000000 0.000802200 0.000179042 0.0 XRT_5keV
25371.791000 1208994621000000000.000000 0.000820615 0.000187889 0.0 XRT_5keV
25476.104000 1208994621000000000.000000 0.000948287 0.000213374 0.0 XRT_5keV
25582.269000 1208994621000000000.000000 0.000693747 0.000157584 0.0 XRT_5keV
25700.382000 1208994621000000000.000000 0.000918715 0.000207371 0.0 XRT_5keV
25762.322000 1208994621000000000.000000 0.001847289 0.000415008 0.0 XRT_5keV
25833.273000 1208994621000000000.000000 0.001060801 0.000239443 0.0 XRT_5keV
25909.121000 1208994621000000000.000000 0.001254221 0.000283547 0.0 XRT_5keV
25973.561000 1208994621000000000.000000 0.001304157 0.000295302 0.0 XRT_5keV
26040.630000 1208994621000000000.000000 0.001290973 0.000277995 0.0 XRT_5keV
29992.311000 1208994621000000000.000000 0.000801288 0.000180754 0.0 XRT_5keV
30070.286000 1208994621000000000.000000 0.000712995 0.000160837 0.0 XRT_5keV
30137.984000 1208994621000000000.000000 0.000771454 0.000174280 0.0 XRT_5keV
30205.058000 1208994621000000000.000000 0.000878985 0.000197410 0.0 XRT_5keV
30264.982000 1208994621000000000.000000 0.000755498 0.000171941 0.0 XRT_5keV
30330.995000 1208994621000000000.000000 0.001222245 0.000262321 0.0 XRT_5keV
30373.230000 1208994621000000000.000000 0.001384029 0.000303283 0.0 XRT_5keV
30429.086000 1208994621000000000.000000 0.000793636 0.000179028 0.0 XRT_5keV
30507.559000 1208994621000000000.000000 0.000525459 0.000118185 0.0 XRT_5keV
30622.266000 1208994621000000000.000000 0.000553310 0.000126113 0.0 XRT_5keV
30686.580000 1208994621000000000.000000 0.001445311 0.000308141 0.0 XRT_5keV
30726.456000 1208994621000000000.000000 0.001006655 0.000226415 0.0 XRT_5keV
30796.536000 1208994621000000000.000000 0.000580395 0.000131520 0.0 XRT_5keV
30848.061000 1208994621000000000.000000 0.000532940 0.000120058 0.0 XRT_5keV
30899.463000 1208994621000000000.000000 0.000974558 0.000219196 0.0 XRT_5keV
30951.583000 1208994621000000000.000000 0.001059097 0.000232729 0.0 XRT_5keV
31023.573000 1208994621000000000.000000 0.000727597 0.000164615 0.0 XRT_5keV
31086.883000 1208994621000000000.000000 0.000838063 0.000189887 0.0 XRT_5keV
31149.312000 1208994621000000000.000000 0.000679117 0.000152745 0.0 XRT_5keV
31231.931000 1208994621000000000.000000 0.000752070 0.000169154 0.0 XRT_5keV
31291.482000 1208994621000000000.000000 0.000958810 0.000215338 0.0 XRT_5keV
31351.151000 1208994621000000000.000000 0.000721974 0.000162623 0.0 XRT_5keV
31418.602000 1208994621000000000.000000 0.000884469 0.000198933 0.0 XRT_5keV
31482.412000 1208994621000000000.000000 0.000964259 0.000216879 0.0 XRT_5keV
31535.876000 1208994621000000000.000000 0.001038149 0.000223107 0.0 XRT_5keV
31590.224000 1208994621000000000.000000 0.000723949 0.000163789 0.0 XRT_5keV
31675.238000 1208994621000000000.000000 0.000655503 0.000144446 0.0 XRT_5keV
31758.230000 1208994621000000000.000000 0.000794113 0.000167280 0.0 XRT_5keV
35753.276000 1208994621000000000.000000 0.001042012 0.000234605 0.0 XRT_5keV
35810.690000 1208994621000000000.000000 0.000696128 0.000157163 0.0 XRT_5keV
35885.739000 1208994621000000000.000000 0.000958200 0.000205310 0.0 XRT_5keV
35942.954000 1208994621000000000.000000 0.000936661 0.000210018 0.0 XRT_5keV
36002.880000 1208994621000000000.000000 0.001021408 0.000229966 0.0 XRT_5keV
36062.931000 1208994621000000000.000000 0.001082194 0.000245001 0.0 XRT_5keV
36120.720000 1208994621000000000.000000 0.000684804 0.000155035 0.0 XRT_5keV
36196.821000 1208994621000000000.000000 0.001008827 0.000228708 0.0 XRT_5keV
36252.608000 1208994621000000000.000000 0.000928067 0.000208377 0.0 XRT_5keV
36326.069000 1208994621000000000.000000 0.000765907 0.000173156 0.0 XRT_5keV
36374.968000 1208994621000000000.000000 0.001618531 0.000362410 0.0 XRT_5keV
36438.378000 1208994621000000000.000000 0.000657555 0.000144242 0.0 XRT_5keV
36505.223000 1208994621000000000.000000 0.001382071 0.000310313 0.0 XRT_5keV
36557.623000 1208994621000000000.000000 0.000839467 0.000190049 0.0 XRT_5keV
36658.194000 1208994621000000000.000000 0.000588496 0.000129772 0.0 XRT_5keV
36723.507000 1208994621000000000.000000 0.001023092 0.000224426 0.0 XRT_5keV
36790.047000 1208994621000000000.000000 0.000680330 0.000153809 0.0 XRT_5keV
36883.071000 1208994621000000000.000000 0.000672735 0.000152092 0.0 XRT_5keV
36954.461000 1208994621000000000.000000 0.000823529 0.000162705 0.0 XRT_5keV
42744.076000 1208994621000000000.000000 0.000646064 0.000145110 0.0 XRT_5keV
42825.942000 1208994621000000000.000000 0.000718892 0.000162741 0.0 XRT_5keV
42915.705000 1208994621000000000.000000 0.000642878 0.000144556 0.0 XRT_5keV
42983.651000 1208994621000000000.000000 0.000636407 0.000143583 0.0 XRT_5keV
43077.174000 1208994621000000000.000000 0.000647898 0.000146670 0.0 XRT_5keV
43157.318000 1208994621000000000.000000 0.000720856 0.000158649 0.0 XRT_5keV
43234.451000 1208994621000000000.000000 0.000825438 0.000181085 0.0 XRT_5keV
47989.015000 1208994621000000000.000000 0.000525423 0.000118002 0.0 XRT_5keV
48076.149000 1208994621000000000.000000 0.000769448 0.000173376 0.0 XRT_5keV
48135.196000 1208994621000000000.000000 0.000720172 0.000162272 0.0 XRT_5keV
48228.061000 1208994621000000000.000000 0.000793843 0.000173952 0.0 XRT_5keV
48307.573000 1208994621000000000.000000 0.000547658 0.000123545 0.0 XRT_5keV
48377.528000 1208994621000000000.000000 0.000372470 0.000083846 0.0 XRT_5keV
48463.903000 1208994621000000000.000000 0.000670992 0.000151029 0.0 XRT_5keV
48553.535000 1208994621000000000.000000 0.000596166 0.000131060 0.0 XRT_5keV
48622.119000 1208994621000000000.000000 0.000529079 0.000119367 0.0 XRT_5keV
48702.223000 1208994621000000000.000000 0.000625088 0.000140681 0.0 XRT_5keV
48766.541000 1208994621000000000.000000 0.000603783 0.000136069 0.0 XRT_5keV
48847.565000 1208994621000000000.000000 0.000487976 0.000104665 0.0 XRT_5keV
48955.748000 1208994621000000000.000000 0.000569570 0.000108323 0.0 XRT_5keV
54299.876000 1208994621000000000.000000 0.000397992 0.000089164 0.0 XRT_5keV
54425.656000 1208994621000000000.000000 0.000302696 0.000068468 0.0 XRT_5keV
54532.101000 1208994621000000000.000000 0.000458010 0.000102806 0.0 XRT_5keV
54602.431000 1208994621000000000.000000 0.000498443 0.000111775 0.0 XRT_5keV
54675.110000 1208994621000000000.000000 0.000630506 0.000111792 0.0 XRT_5keV
64515.391000 1208994621000000000.000000 0.000323040 0.000072641 0.0 XRT_5keV
64632.229000 1208994621000000000.000000 0.000304987 0.000068969 0.0 XRT_5keV
64720.619000 1208994621000000000.000000 0.000406136 0.000091019 0.0 XRT_5keV
64797.217000 1208994621000000000.000000 0.000403142 0.000090755 0.0 XRT_5keV
64875.820000 1208994621000000000.000000 0.000348168 0.000078468 0.0 XRT_5keV
64963.392000 1208994621000000000.000000 0.000421311 0.000092929 0.0 XRT_5keV
65042.305000 1208994621000000000.000000 0.000303270 0.000068581 0.0 XRT_5keV
65130.566000 1208994621000000000.000000 0.000429893 0.000097106 0.0 XRT_5keV
65213.431000 1208994621000000000.000000 0.000403378 0.000090911 0.0 XRT_5keV
65291.784000 1208994621000000000.000000 0.000377032 0.000085069 0.0 XRT_5keV
65387.687000 1208994621000000000.000000 0.000319628 0.000072036 0.0 XRT_5keV
65477.275000 1208994621000000000.000000 0.000438744 0.000096670 0.0 XRT_5keV
65545.527000 1208994621000000000.000000 0.000462438 0.000104221 0.0 XRT_5keV
65614.601000 1208994621000000000.000000 0.000391565 0.000087951 0.0 XRT_5keV
65747.337000 1208994621000000000.000000 0.000340125 0.000058124 0.0 XRT_5keV
70541.084000 1208994621000000000.000000 0.000282619 0.000063510 0.0 XRT_5keV
70662.067000 1208994621000000000.000000 0.000359429 0.000081013 0.0 XRT_5keV
70774.207000 1208994621000000000.000000 0.000279231 0.000061867 0.0 XRT_5keV
70878.952000 1208994621000000000.000000 0.000447255 0.000100208 0.0 XRT_5keV
70987.767000 1208994621000000000.000000 0.000309451 0.000069678 0.0 XRT_5keV
71078.655000 1208994621000000000.000000 0.000319132 0.000071787 0.0 XRT_5keV
71251.280000 1208994621000000000.000000 0.000343888 0.000056962 0.0 XRT_5keV
75977.241000 1208994621000000000.000000 0.000296600 0.000067240 0.0 XRT_5keV
76072.394000 1208994621000000000.000000 0.000263902 0.000059637 0.0 XRT_5keV
76176.577000 1208994621000000000.000000 0.000478365 0.000107644 0.0 XRT_5keV
76265.583000 1208994621000000000.000000 0.000275204 0.000062191 0.0 XRT_5keV
76358.734000 1208994621000000000.000000 0.000327676 0.000073657 0.0 XRT_5keV
76471.095000 1208994621000000000.000000 0.000390418 0.000083878 0.0 XRT_5keV
76550.953000 1208994621000000000.000000 0.000302057 0.000066715 0.0 XRT_5keV
76649.958000 1208994621000000000.000000 0.000345445 0.000077734 0.0 XRT_5keV
76775.571000 1208994621000000000.000000 0.000202399 0.000045884 0.0 XRT_5keV
87496.028000 1208994621000000000.000000 0.000315670 0.000071290 0.0 XRT_5keV
87729.204000 1208994621000000000.000000 0.000314118 0.000071028 0.0 XRT_5keV
88102.183000 1208994621000000000.000000 0.000350790 0.000057409 0.0 XRT_5keV
93160.212000 1208994621000000000.000000 0.000280369 0.000062895 0.0 XRT_5keV
93284.321000 1208994621000000000.000000 0.000219863 0.000049482 0.0 XRT_5keV
93413.326000 1208994621000000000.000000 0.000293408 0.000066033 0.0 XRT_5keV
93513.450000 1208994621000000000.000000 0.000307050 0.000067279 0.0 XRT_5keV
93630.710000 1208994621000000000.000000 0.000302108 0.000067772 0.0 XRT_5keV
93789.914000 1208994621000000000.000000 0.000166753 0.000037569 0.0 XRT_5keV
93952.054000 1208994621000000000.000000 0.000139693 0.000036592 0.0 XRT_5keV
94098.703000 1208994621000000000.000000 0.000249358 0.000056059 0.0 XRT_5keV
94212.158000 1208994621000000000.000000 0.000264452 0.000059646 0.0 XRT_5keV
94353.821000 1208994621000000000.000000 0.000226036 0.000051370 0.0 XRT_5keV
94478.939000 1208994621000000000.000000 0.000262031 0.000058845 0.0 XRT_5keV
94574.218000 1208994621000000000.000000 0.000340268 0.000076250 0.0 XRT_5keV
94721.694000 1208994621000000000.000000 0.000235586 0.000045923 0.0 XRT_5keV
98950.787000 1208994621000000000.000000 0.000244960 0.000054937 0.0 XRT_5keV
99073.649000 1208994621000000000.000000 0.000305959 0.000068959 0.0 XRT_5keV
99204.491000 1208994621000000000.000000 0.000246971 0.000054148 0.0 XRT_5keV
99334.282000 1208994621000000000.000000 0.000237078 0.000053275 0.0 XRT_5keV
99497.755000 1208994621000000000.000000 0.000177935 0.000040345 0.0 XRT_5keV
99644.692000 1208994621000000000.000000 0.000281597 0.000063595 0.0 XRT_5keV
99788.731000 1208994621000000000.000000 0.000193544 0.000043666 0.0 XRT_5keV
99920.499000 1208994621000000000.000000 0.000349765 0.000078520 0.0 XRT_5keV
100013.769000 1208994621000000000.000000 0.000230677 0.000051837 0.0 XRT_5keV
100151.297000 1208994621000000000.000000 0.000292217 0.000065993 0.0 XRT_5keV
100284.428000 1208994621000000000.000000 0.000215176 0.000048258 0.0 XRT_5keV
100437.703000 1208994621000000000.000000 0.000214556 0.000045164 0.0 XRT_5keV
105679.944000 1208994621000000000.000000 0.000181676 0.000040897 0.0 XRT_5keV
105846.319000 1208994621000000000.000000 0.000226767 0.000048543 0.0 XRT_5keV
139146.799000 1208994621000000000.000000 0.000131051 0.000032297 0.0 XRT_5keV
139419.912000 1208994621000000000.000000 0.000139672 0.000035297 0.0 XRT_5keV
139703.027000 1208994621000000000.000000 0.000135447 0.000035377 0.0 XRT_5keV
140014.616000 1208994621000000000.000000 0.000123749 0.000032215 0.0 XRT_5keV
140318.739000 1208994621000000000.000000 0.000143500 0.000031665 0.0 XRT_5keV
144884.407000 1208994621000000000.000000 0.000165631 0.000037383 0.0 XRT_5keV
145134.240000 1208994621000000000.000000 0.000128761 0.000025507 0.0 XRT_5keV
150419.497000 1208994621000000000.000000 0.000168873 0.000038488 0.0 XRT_5keV
150632.471000 1208994621000000000.000000 0.000208619 0.000037461 0.0 XRT_5keV
157471.876000 1208994621000000000.000000 0.000131433 0.000032282 0.0 XRT_5keV
158833.981000 1208994621000000000.000000 0.000220028 0.000041047 0.0 XRT_5keV
180491.709000 1208994621000000000.000000 0.000109172 0.000024843 0.0 XRT_5keV
186221.843000 1208994621000000000.000000 0.000112024 0.000023578 0.0 XRT_5keV
193963.292000 1208994621000000000.000000 0.000104686 0.000023657 0.0 XRT_5keV
220331.400000 1208994621000000000.000000 0.000075856 0.000014199 0.0 XRT_5keV
253851.233000 1208994621000000000.000000 0.000046266 0.000012120 0.0 XRT_5keV
254356.100000 1208994621000000000.000000 0.000062186 0.000015225 0.0 XRT_5keV
273320.348000 1208994621000000000.000000 0.000067459 0.000013089 0.0 XRT_5keV
288252.512000 1208994621000000000.000000 0.000054841 0.000014404 0.0 XRT_5keV
288700.556000 1208994621000000000.000000 0.000052294 0.000012863 0.0 XRT_5keV
293929.796000 1208994621000000000.000000 0.000061843 0.000016240 0.0 XRT_5keV
294592.273000 1208994621000000000.000000 0.000046621 0.000009071 0.0 XRT_5keV
305921.530000 1208994621000000000.000000 0.000052476 0.000010272 0.0 XRT_5keV
339713.782000 1208994621000000000.000000 0.000059068 0.000016622 0.0 XRT_5keV
341372.924000 1208994621000000000.000000 0.000047425 0.000010993 0.0 XRT_5keV
351247.618000 1208994621000000000.000000 0.000054185 0.000016546 0.0 XRT_5keV
351860.873000 1208994621000000000.000000 0.000046089 0.000010172 0.0 XRT_5keV
357407.455000 1208994621000000000.000000 0.000046570 0.000009249 0.0 XRT_5keV
362673.059000 1208994621000000000.000000 0.000066260 0.000017847 0.0 XRT_5keV
364511.342000 1208994621000000000.000000 0.000044465 0.000008549 0.0 XRT_5keV
456218.955000 1208994621000000000.000000 0.000024092 0.000005608 0.0 XRT_5keV
563726.279000 1208994621000000000.000000 0.000017912 0.000003253 0.0 XRT_5keV
611257.594000 1208994621000000000.000000 0.000017627 0.000003424 0.0 XRT_5keV
761863.903000 1208994621000000000.000000 0.000006755 0.000001599 0.0 XRT_5keV
868575.887000 1208994621000000000.000000 0.000012799 0.000003240 0.0 XRT_5keV
950140.175000 1208994621000000000.000000 0.000008200 0.000001874 0.0 XRT_5keV
1090830.256000 1208994621000000000.000000 0.000007385 0.000002000 0.0 XRT_5keV
1255446.998000 1208994621000000000.000000 0.000003155 0.000000777 0.0 XRT_5keV
1452339.877000 1208994621000000000.000000 0.000002709 0.000000739 0.0 XRT_5keV
1753101.639000 1208994621000000000.000000 0.000002032 0.000000583 0.0 XRT_5keV
2007949.410000 1208994621000000000.000000 0.0 0.000014503 1.0 XRT_5keV
3639655.639872 1208994621000000000.000000 0.000000571 0.000000103 0.0 Chandra_5keV
31380.480000 5000000000.000000 0.078200000 0.023900000 0.0 VLA
31380.480000 7400000000.000000 0.090800000 0.018600000 0.0 VLA
30360.960000 8500000000.000000 0.043800000 0.029100000 0.0 VLA
30360.960000 11000000000.000000 0.050600000 0.027400000 0.0 VLA
100932.480000 5000000000.000000 0.204700000 0.022300000 0.0 VLA
100932.480000 7400000000.000000 0.437100000 0.018500000 0.0 VLA
99601.920000 8500000000.000000 0.664700000 0.022900000 0.0 VLA
99601.920000 11000000000.000000 0.963400000 0.017200000 0.0 VLA
98228.160000 13500000000.000000 0.946000000 0.027200000 0.0 VLA
98228.160000 16000000000.000000 1.025900000 0.031700000 0.0 VLA
96448.320000 19200000000.000000 1.341700000 0.033700000 0.0 VLA
96448.320000 24500000000.000000 1.891800000 0.056300000 0.0 VLA
94271.040000 30000000000.000000 2.117800000 0.047900000 0.0 VLA
94271.040000 37000000000.000000 2.410900000 0.061500000 0.0 VLA
185578.560000 5000000000.000000 0.509100000 0.018900000 0.0 VLA
185578.560000 7400000000.000000 0.754100000 0.014900000 0.0 VLA
183677.760000 19200000000.000000 1.140000000 0.016000000 0.0 VLA
183677.760000 24500000000.000000 1.171000000 0.021000000 0.0 VLA
258655.680000 5000000000.000000 0.447600000 0.018000000 0.0 VLA
258655.680000 7400000000.000000 1.049600000 0.015700000 0.0 VLA
257307.840000 8500000000.000000 1.049000000 0.017100000 0.0 VLA
257307.840000 11000000000.000000 0.757500000 0.019400000 0.0 VLA
255942.720000 13500000000.000000 0.733300000 0.017600000 0.0 VLA
255942.720000 16000000000.000000 0.704800000 0.023600000 0.0 VLA
254162.880000 19200000000.000000 0.696700000 0.028300000 0.0 VLA
254162.880000 24500000000.000000 0.680500000 0.050700000 0.0 VLA
251985.600000 30000000000.000000 0.576100000 0.048800000 0.0 VLA
251985.600000 37000000000.000000 0.626000000 0.070800000 0.0 VLA
350784.000000 1644000000.000000 0.250900000 0.103900000 0.0 VLA
350784.000000 2679000000.000000 0.222200000 0.035400000 0.0 VLA
350784.000000 3523000000.000000 0.384400000 0.027100000 0.0 VLA
350784.000000 5000000000.000000 0.430400000 0.014700000 0.0 VLA
350784.000000 7400000000.000000 1.389100000 0.020200000 0.0 VLA
350784.000000 8500000000.000000 1.044900000 0.018600000 0.0 VLA
350784.000000 11000000000.000000 1.261000000 0.017900000 0.0 VLA
350784.000000 13500000000.000000 0.830800000 0.025400000 0.0 VLA
350784.000000 16000000000.000000 0.692000000 0.027500000 0.0 VLA
350784.000000 19200000000.000000 0.603300000 0.018600000 0.0 VLA
350784.000000 24500000000.000000 0.536500000 0.026900000 0.0 VLA
350784.000000 30000000000.000000 0.408100000 0.040400000 0.0 VLA
350784.000000 37000000000.000000 0.408100000 0.041100000 0.0 VLA
458784.000000 1255000000.000000 0.432000000 0.144000000 0.0 VLA
458784.000000 1644000000.000000 0.249500000 0.074600000 0.0 VLA
458784.000000 2679000000.000000 0.207300000 0.044800000 0.0 VLA
458784.000000 3523000000.000000 0.337200000 0.025300000 0.0 VLA
518400.000000 1255000000.000000 0.942600000 0.314200000 0.0 VLA
518400.000000 1644000000.000000 0.172700000 0.069500000 0.0 VLA
518400.000000 2679000000.000000 0.334800000 0.040100000 0.0 VLA
518400.000000 3523000000.000000 0.300100000 0.023100000 0.0 VLA
518400.000000 5000000000.000000 0.324300000 0.025500000 0.0 VLA
518400.000000 7400000000.000000 0.274900000 0.014800000 0.0 VLA
518400.000000 8500000000.000000 0.267400000 0.018000000 0.0 VLA
518400.000000 11000000000.000000 0.208200000 0.019200000 0.0 VLA
518400.000000 13500000000.000000 0.238900000 0.024100000 0.0 VLA
518400.000000 16000000000.000000 0.214000000 0.022700000 0.0 VLA
518400.000000 19200000000.000000 0.213400000 0.030300000 0.0 VLA
518400.000000 24500000000.000000 0.225800000 0.056400000 0.0 VLA
518400.000000 30000000000.000000 0.132700000 0.047000000 0.0 VLA
518400.000000 37000000000.000000 0.154200000 0.071100000 0.0 VLA
866592.000000 1255000000.000000 0.264000000 0.088000000 0.0 VLA
866592.000000 1644000000.000000 0.270200000 0.102600000 0.0 VLA
866592.000000 2679000000.000000 0.161000000 0.045900000 0.0 VLA
866592.000000 3523000000.000000 0.148300000 0.025200000 0.0 VLA
866592.000000 5000000000.000000 0.167900000 0.017500000 0.0 VLA
866592.000000 7400000000.000000 0.167900000 0.019300000 0.0 VLA
866592.000000 8500000000.000000 0.155200000 0.032000000 0.0 VLA
866592.000000 11000000000.000000 0.140200000 0.022800000 0.0 VLA
866592.000000 13500000000.000000 0.119500000 0.044000000 0.0 VLA
866592.000000 16000000000.000000 0.142000000 0.047600000 0.0 VLA
866592.000000 19200000000.000000 0.147800000 0.039600000 0.0 VLA
866592.000000 24500000000.000000 0.135000000 0.045000000 0.0 VLA
866592.000000 30000000000.000000 0.078200000 0.060400000 0.0 VLA
866592.000000 37000000000.000000 0.099800000 0.068000000 0.0 VLA
1723680.000000 2679000000.000000 0.075700000 0.021800000 0.0 VLA
1723680.000000 3523000000.000000 0.051200000 0.016300000 0.0 VLA
1723680.000000 5000000000.000000 0.137200000 0.018900000 0.0 VLA
1723680.000000 7400000000.000000 0.109900000 0.016200000 0.0 VLA
1723680.000000 8500000000.000000 0.089400000 0.019300000 0.0 VLA
1723680.000000 11000000000.000000 0.065900000 0.018500000 0.0 VLA
1723680.000000 13500000000.000000 0.083600000 0.013700000 0.0 VLA
1723680.000000 16000000000.000000 0.069200000 0.011900000 0.0 VLA
2064960.000000 6000000000.000000 0.080000000 0.008000000 0.0 VLA
2064960.000000 9000000000.000000 0.071000000 0.007000000 0.0 VLA
3188160.000000 5000000000.000000 0.050000000 0.007000000 0.0 VLA
3188160.000000 6900000000.000000 0.052000000 0.007000000 0.0 VLA
3188160.000000 8500000000.000000 0.041000000 0.006000000 0.0 VLA
3188160.000000 9500000000.000000 0.029000000 0.006000000 0.0 VLA
6903360.000000 6000000000.000000 0.027000000 0.006000000 0.0 VLA
6903360.000000 9000000000.000000 0.025000000 0.005000000 0.0 VLA
5616.000000 483548387096774.187500 0 0.105133003 3.0 r-band
20692.800000 483548387096774.187500 0.001861116 0.001136846 0.0 r-band
88992.000000 483548387096774.187500 0.000852604 0.000970562 0.0 r-band
2435616.000000 483548387096774.187500 0.000671760 0.001290815 0.0 r-band
42422.400000 483548387096774.187500 0.001675639 0.001521976 0.0 r-band
501120.000000 195947712418300.656250 0.024203950 0.003995261 0.0 F160W
3049920.000000 195947712418300.656250 0.000555000 0.000037500 0.0 F160W
2142720.000000 195947712418300.656250 0 0.006677971 3.0 F160W
88992.000000 267678571428571.406250 0.091877217 0.007329520 0.0 F110W
3049920.000000 267678571428571.406250 0.000687000 0.000036100 0.0 F110W
31363.200000 637872340425532.000000 0.157925275 0.133528044 0.0 g-band
88992.000000 637872340425532.000000 0.071244812 0.042881741 0.0 g-band
