#t(s) nu(Hz) Fnu(mJy) eFnu(mJy) upperlimit Instrument
11519.934000 1208994621000000000.000000 0.008502286 0.001820026 0.0 XRT_5keV
11535.184000 1208994621000000000.000000 0.008066965 0.001785472 0.0 XRT_5keV
11550.706000 1208994621000000000.000000 0.012147193 0.002549237 0.0 XRT_5keV
11570.263000 1208994621000000000.000000 0.006713192 0.001503337 0.0 XRT_5keV
11587.442000 1208994621000000000.000000 0.007649958 0.001603364 0.0 XRT_5keV
11608.255000 1208994621000000000.000000 0.007965114 0.001743034 0.0 XRT_5keV
11628.671000 1208994621000000000.000000 0.005585244 0.001234428 0.0 XRT_5keV
11648.968000 1208994621000000000.000000 0.007967891 0.001756029 0.0 XRT_5keV
11662.282000 1208994621000000000.000000 0.012824118 0.002627415 0.0 XRT_5keV
11678.921000 1208994621000000000.000000 0.008364365 0.001792920 0.0 XRT_5keV
11696.732000 1208994621000000000.000000 0.009509650 0.001908697 0.0 XRT_5keV
11716.079000 1208994621000000000.000000 0.006792682 0.001432936 0.0 XRT_5keV
11736.487000 1208994621000000000.000000 0.009433848 0.002073217 0.0 XRT_5keV
11751.888000 1208994621000000000.000000 0.006973710 0.001534743 0.0 XRT_5keV
11770.042000 1208994621000000000.000000 0.010243418 0.002149707 0.0 XRT_5keV
11785.266000 1208994621000000000.000000 0.009079174 0.002036181 0.0 XRT_5keV
11800.721000 1208994621000000000.000000 0.006962478 0.001530100 0.0 XRT_5keV
11823.319000 1208994621000000000.000000 0.006459500 0.001377170 0.0 XRT_5keV
11848.392000 1208994621000000000.000000 0.005817306 0.001253722 0.0 XRT_5keV
11870.210000 1208994621000000000.000000 0.009439849 0.002071602 0.0 XRT_5keV
11886.185000 1208994621000000000.000000 0.009703192 0.001945236 0.0 XRT_5keV
11902.462000 1208994621000000000.000000 0.010383490 0.002137943 0.0 XRT_5keV
11915.700000 1208994621000000000.000000 0.009215421 0.002022350 0.0 XRT_5keV
11928.985000 1208994621000000000.000000 0.012088318 0.002527081 0.0 XRT_5keV
11944.982000 1208994621000000000.000000 0.006664184 0.001501245 0.0 XRT_5keV
11963.869000 1208994621000000000.000000 0.010099288 0.002116724 0.0 XRT_5keV
11979.935000 1208994621000000000.000000 0.007922045 0.001738515 0.0 XRT_5keV
11996.895000 1208994621000000000.000000 0.008267396 0.001779340 0.0 XRT_5keV
12014.873000 1208994621000000000.000000 0.009231645 0.001889053 0.0 XRT_5keV
12033.365000 1208994621000000000.000000 0.007704952 0.001735699 0.0 XRT_5keV
12051.167000 1208994621000000000.000000 0.006722062 0.001512032 0.0 XRT_5keV
12067.089000 1208994621000000000.000000 0.010905419 0.002449381 0.0 XRT_5keV
12082.571000 1208994621000000000.000000 0.010688388 0.002187143 0.0 XRT_5keV
12098.431000 1208994621000000000.000000 0.007661358 0.001720757 0.0 XRT_5keV
12114.397000 1208994621000000000.000000 0.009630913 0.002058847 0.0 XRT_5keV
12130.467000 1208994621000000000.000000 0.008473465 0.001816305 0.0 XRT_5keV
12143.459000 1208994621000000000.000000 0.011870122 0.002540955 0.0 XRT_5keV
12159.706000 1208994621000000000.000000 0.012108256 0.002340479 0.0 XRT_5keV
12177.786000 1208994621000000000.000000 0.005978030 0.001346674 0.0 XRT_5keV
12196.090000 1208994621000000000.000000 0.007663066 0.001721141 0.0 XRT_5keV
12216.525000 1208994621000000000.000000 0.006616973 0.001488395 0.0 XRT_5keV
12238.786000 1208994621000000000.000000 0.007118290 0.001559922 0.0 XRT_5keV
12254.323000 1208994621000000000.000000 0.010788984 0.002210456 0.0 XRT_5keV
12270.535000 1208994621000000000.000000 0.009690806 0.002077246 0.0 XRT_5keV
12286.946000 1208994621000000000.000000 0.008460175 0.001808573 0.0 XRT_5keV
12302.332000 1208994621000000000.000000 0.008446352 0.001812941 0.0 XRT_5keV
12322.083000 1208994621000000000.000000 0.007612168 0.001714798 0.0 XRT_5keV
12336.876000 1208994621000000000.000000 0.008834018 0.001987088 0.0 XRT_5keV
12352.691000 1208994621000000000.000000 0.011109107 0.002431047 0.0 XRT_5keV
12363.449000 1208994621000000000.000000 0.011953675 0.002308062 0.0 XRT_5keV
12381.464000 1208994621000000000.000000 0.007923449 0.001743757 0.0 XRT_5keV
12395.315000 1208994621000000000.000000 0.011289751 0.002484597 0.0 XRT_5keV
12412.626000 1208994621000000000.000000 0.006131789 0.001355223 0.0 XRT_5keV
12435.466000 1208994621000000000.000000 0.010360143 0.001871438 0.0 XRT_5keV
13287.900000 1208994621000000000.000000 0.010765430 0.002298694 0.0 XRT_5keV
13307.799000 1208994621000000000.000000 0.008468077 0.001909497 0.0 XRT_5keV
13331.791000 1208994621000000000.000000 0.006493223 0.001369877 0.0 XRT_5keV
13351.463000 1208994621000000000.000000 0.012057224 0.002639517 0.0 XRT_5keV
13374.199000 1208994621000000000.000000 0.008781435 0.001847183 0.0 XRT_5keV
13397.191000 1208994621000000000.000000 0.007249525 0.001589577 0.0 XRT_5keV
13419.398000 1208994621000000000.000000 0.009007267 0.001981336 0.0 XRT_5keV
13437.052000 1208994621000000000.000000 0.011500217 0.002580163 0.0 XRT_5keV
13451.674000 1208994621000000000.000000 0.010866473 0.002323811 0.0 XRT_5keV
13470.148000 1208994621000000000.000000 0.007664370 0.001722452 0.0 XRT_5keV
13494.140000 1208994621000000000.000000 0.008055126 0.001769050 0.0 XRT_5keV
13515.280000 1208994621000000000.000000 0.009895767 0.002227673 0.0 XRT_5keV
13542.375000 1208994621000000000.000000 0.005526745 0.001223584 0.0 XRT_5keV
13567.179000 1208994621000000000.000000 0.006932483 0.001560597 0.0 XRT_5keV
13592.537000 1208994621000000000.000000 0.007601568 0.001643156 0.0 XRT_5keV
13621.192000 1208994621000000000.000000 0.009208482 0.001892872 0.0 XRT_5keV
13642.024000 1208994621000000000.000000 0.007670036 0.001720833 0.0 XRT_5keV
13659.904000 1208994621000000000.000000 0.012785648 0.002520450 0.0 XRT_5keV
13676.876000 1208994621000000000.000000 0.008661722 0.001946594 0.0 XRT_5keV
13701.265000 1208994621000000000.000000 0.009398962 0.002019225 0.0 XRT_5keV
13717.870000 1208994621000000000.000000 0.008558813 0.001933219 0.0 XRT_5keV
13746.781000 1208994621000000000.000000 0.005185978 0.001137110 0.0 XRT_5keV
13775.288000 1208994621000000000.000000 0.008577905 0.001927756 0.0 XRT_5keV
13794.183000 1208994621000000000.000000 0.010269263 0.002262573 0.0 XRT_5keV
13812.107000 1208994621000000000.000000 0.009918664 0.002080293 0.0 XRT_5keV
13832.204000 1208994621000000000.000000 0.007606586 0.001718135 0.0 XRT_5keV
13854.269000 1208994621000000000.000000 0.008660888 0.001943137 0.0 XRT_5keV
13879.854000 1208994621000000000.000000 0.007556438 0.001628379 0.0 XRT_5keV
13901.399000 1208994621000000000.000000 0.008069075 0.001772114 0.0 XRT_5keV
13921.226000 1208994621000000000.000000 0.010798834 0.002316415 0.0 XRT_5keV
13940.645000 1208994621000000000.000000 0.007669086 0.001732252 0.0 XRT_5keV
13965.994000 1208994621000000000.000000 0.009049262 0.001987381 0.0 XRT_5keV
17258.747000 1208994621000000000.000000 0.009848816 0.002213317 0.0 XRT_5keV
17276.777000 1208994621000000000.000000 0.006775616 0.001446756 0.0 XRT_5keV
17294.351000 1208994621000000000.000000 0.008235404 0.001847644 0.0 XRT_5keV
17309.798000 1208994621000000000.000000 0.007053589 0.001472907 0.0 XRT_5keV
17332.587000 1208994621000000000.000000 0.004870047 0.001090791 0.0 XRT_5keV
17358.216000 1208994621000000000.000000 0.005710297 0.001256046 0.0 XRT_5keV
17381.480000 1208994621000000000.000000 0.004767159 0.001076724 0.0 XRT_5keV
17403.944000 1208994621000000000.000000 0.006348152 0.001391900 0.0 XRT_5keV
17427.227000 1208994621000000000.000000 0.005674417 0.001248154 0.0 XRT_5keV
17444.898000 1208994621000000000.000000 0.007382484 0.001616114 0.0 XRT_5keV
17469.507000 1208994621000000000.000000 0.005840956 0.001193937 0.0 XRT_5keV
17491.462000 1208994621000000000.000000 0.005002006 0.001096744 0.0 XRT_5keV
17512.357000 1208994621000000000.000000 0.007184599 0.001572796 0.0 XRT_5keV
17538.289000 1208994621000000000.000000 0.004256553 0.000890130 0.0 XRT_5keV
17568.234000 1208994621000000000.000000 0.004663858 0.001025870 0.0 XRT_5keV
17597.826000 1208994621000000000.000000 0.004136310 0.000883201 0.0 XRT_5keV
17627.071000 1208994621000000000.000000 0.004803782 0.001083174 0.0 XRT_5keV
17650.855000 1208994621000000000.000000 0.005073956 0.001116075 0.0 XRT_5keV
17673.780000 1208994621000000000.000000 0.008612284 0.001891349 0.0 XRT_5keV
17694.518000 1208994621000000000.000000 0.004100690 0.000921545 0.0 XRT_5keV
17723.209000 1208994621000000000.000000 0.004620707 0.001014757 0.0 XRT_5keV
17744.289000 1208994621000000000.000000 0.006938588 0.001554103 0.0 XRT_5keV
17765.100000 1208994621000000000.000000 0.005492015 0.001232155 0.0 XRT_5keV
17794.560000 1208994621000000000.000000 0.003720606 0.000837530 0.0 XRT_5keV
17820.865000 1208994621000000000.000000 0.006502724 0.001394829 0.0 XRT_5keV
17846.461000 1208994621000000000.000000 0.003987469 0.000899109 0.0 XRT_5keV
17872.539000 1208994621000000000.000000 0.005402694 0.001212115 0.0 XRT_5keV
17891.845000 1208994621000000000.000000 0.007008525 0.001575021 0.0 XRT_5keV
17909.533000 1208994621000000000.000000 0.007696591 0.001643406 0.0 XRT_5keV
17927.768000 1208994621000000000.000000 0.005944613 0.001275115 0.0 XRT_5keV
17952.396000 1208994621000000000.000000 0.004382729 0.000988234 0.0 XRT_5keV
17980.559000 1208994621000000000.000000 0.005619335 0.001181978 0.0 XRT_5keV
18002.042000 1208994621000000000.000000 0.007012943 0.001573380 0.0 XRT_5keV
18022.639000 1208994621000000000.000000 0.006286240 0.001322256 0.0 XRT_5keV
18042.409000 1208994621000000000.000000 0.006010500 0.001348479 0.0 XRT_5keV
18060.588000 1208994621000000000.000000 0.006822107 0.001546058 0.0 XRT_5keV
18081.084000 1208994621000000000.000000 0.006522757 0.001337017 0.0 XRT_5keV
18108.727000 1208994621000000000.000000 0.004869532 0.001098000 0.0 XRT_5keV
18133.550000 1208994621000000000.000000 0.004444713 0.000995526 0.0 XRT_5keV
18159.807000 1208994621000000000.000000 0.004504787 0.000963340 0.0 XRT_5keV
18194.796000 1208994621000000000.000000 0.004117954 0.000880616 0.0 XRT_5keV
18218.345000 1208994621000000000.000000 0.005734543 0.001253367 0.0 XRT_5keV
18244.492000 1208994621000000000.000000 0.004195342 0.000924291 0.0 XRT_5keV
18270.164000 1208994621000000000.000000 0.007239498 0.001589871 0.0 XRT_5keV
18287.568000 1208994621000000000.000000 0.007622633 0.001635049 0.0 XRT_5keV
18305.302000 1208994621000000000.000000 0.005862589 0.001317495 0.0 XRT_5keV
18325.736000 1208994621000000000.000000 0.006945235 0.001555592 0.0 XRT_5keV
18346.375000 1208994621000000000.000000 0.005260786 0.001128434 0.0 XRT_5keV
18367.608000 1208994621000000000.000000 0.006126219 0.001372148 0.0 XRT_5keV
18386.915000 1208994621000000000.000000 0.008142501 0.001823755 0.0 XRT_5keV
18410.767000 1208994621000000000.000000 0.004069093 0.000872817 0.0 XRT_5keV
18441.072000 1208994621000000000.000000 0.004394069 0.000994128 0.0 XRT_5keV
18462.282000 1208994621000000000.000000 0.006686293 0.001425522 0.0 XRT_5keV
18485.190000 1208994621000000000.000000 0.007604172 0.001631089 0.0 XRT_5keV
18502.627000 1208994621000000000.000000 0.006438355 0.001409433 0.0 XRT_5keV
18525.192000 1208994621000000000.000000 0.004430981 0.001004169 0.0 XRT_5keV
18549.191000 1208994621000000000.000000 0.006389377 0.001400940 0.0 XRT_5keV
18567.817000 1208994621000000000.000000 0.007132899 0.001566461 0.0 XRT_5keV
18584.741000 1208994621000000000.000000 0.006003124 0.001351338 0.0 XRT_5keV
18610.559000 1208994621000000000.000000 0.004225385 0.000926462 0.0 XRT_5keV
18637.305000 1208994621000000000.000000 0.005628099 0.001234022 0.0 XRT_5keV
18660.838000 1208994621000000000.000000 0.005433313 0.001218985 0.0 XRT_5keV
18685.090000 1208994621000000000.000000 0.005358147 0.001149319 0.0 XRT_5keV
18708.352000 1208994621000000000.000000 0.005431027 0.001218472 0.0 XRT_5keV
18730.541000 1208994621000000000.000000 0.004818338 0.001090116 0.0 XRT_5keV
18751.307000 1208994621000000000.000000 0.008938577 0.001908600 0.0 XRT_5keV
18770.454000 1208994621000000000.000000 0.006662467 0.001426922 0.0 XRT_5keV
18798.602000 1208994621000000000.000000 0.004024142 0.000865812 0.0 XRT_5keV
18824.440000 1208994621000000000.000000 0.004838186 0.001092766 0.0 XRT_5keV
18853.411000 1208994621000000000.000000 0.003925237 0.000863401 0.0 XRT_5keV
18882.257000 1208994621000000000.000000 0.005992167 0.001281413 0.0 XRT_5keV
18905.588000 1208994621000000000.000000 0.005572615 0.001229691 0.0 XRT_5keV
18928.153000 1208994621000000000.000000 0.004614625 0.001010197 0.0 XRT_5keV
18954.444000 1208994621000000000.000000 0.004798507 0.001081985 0.0 XRT_5keV
18979.894000 1208994621000000000.000000 0.005383824 0.001205867 0.0 XRT_5keV
19002.059000 1208994621000000000.000000 0.005702848 0.001254407 0.0 XRT_5keV
19021.283000 1208994621000000000.000000 0.007276457 0.001600541 0.0 XRT_5keV
19039.066000 1208994621000000000.000000 0.006084142 0.001369575 0.0 XRT_5keV
19072.160000 1208994621000000000.000000 0.002846879 0.000644087 0.0 XRT_5keV
19106.262000 1208994621000000000.000000 0.004869237 0.001099779 0.0 XRT_5keV
19132.339000 1208994621000000000.000000 0.005362093 0.001219295 0.0 XRT_5keV
19155.531000 1208994621000000000.000000 0.004857798 0.001093519 0.0 XRT_5keV
19181.538000 1208994621000000000.000000 0.004790712 0.001029171 0.0 XRT_5keV
19204.674000 1208994621000000000.000000 0.006028309 0.001352474 0.0 XRT_5keV
19229.634000 1208994621000000000.000000 0.005381205 0.001149016 0.0 XRT_5keV
19250.433000 1208994621000000000.000000 0.006054428 0.001358334 0.0 XRT_5keV
19265.853000 1208994621000000000.000000 0.008112882 0.001826256 0.0 XRT_5keV
19286.048000 1208994621000000000.000000 0.005844012 0.001259287 0.0 XRT_5keV
19310.357000 1208994621000000000.000000 0.003733768 0.000839087 0.0 XRT_5keV
19342.338000 1208994621000000000.000000 0.005085198 0.001118548 0.0 XRT_5keV
19365.143000 1208994621000000000.000000 0.007120463 0.001556279 0.0 XRT_5keV
19388.961000 1208994621000000000.000000 0.003984154 0.000896856 0.0 XRT_5keV
19415.766000 1208994621000000000.000000 0.005096572 0.001117478 0.0 XRT_5keV
19438.652000 1208994621000000000.000000 0.005352574 0.001146378 0.0 XRT_5keV
19471.259000 1208994621000000000.000000 0.005506977 0.000952836 0.0 XRT_5keV
63912.460000 1208994621000000000.000000 0.000817130 0.000183349 0.0 XRT_5keV
63974.142000 1208994621000000000.000000 0.001132603 0.000254135 0.0 XRT_5keV
64033.345000 1208994621000000000.000000 0.001640568 0.000358001 0.0 XRT_5keV
64091.106000 1208994621000000000.000000 0.000968590 0.000218090 0.0 XRT_5keV
64157.174000 1208994621000000000.000000 0.001370139 0.000308462 0.0 XRT_5keV
64269.504000 1208994621000000000.000000 0.000986150 0.000217511 0.0 XRT_5keV
64363.903000 1208994621000000000.000000 0.001099803 0.000248431 0.0 XRT_5keV
64420.319000 1208994621000000000.000000 0.001221750 0.000274138 0.0 XRT_5keV
64482.125000 1208994621000000000.000000 0.001302891 0.000292008 0.0 XRT_5keV
64534.151000 1208994621000000000.000000 0.001276578 0.000286110 0.0 XRT_5keV
64593.196000 1208994621000000000.000000 0.001048386 0.000235239 0.0 XRT_5keV
64664.760000 1208994621000000000.000000 0.001227842 0.000237310 0.0 XRT_5keV
65545.075000 1208994621000000000.000000 0.001796897 0.000293233 0.0 XRT_5keV
68969.516000 1208994621000000000.000000 0.000802700 0.000180677 0.0 XRT_5keV
69043.360000 1208994621000000000.000000 0.001254318 0.000281399 0.0 XRT_5keV
69101.654000 1208994621000000000.000000 0.000898774 0.000202638 0.0 XRT_5keV
69172.235000 1208994621000000000.000000 0.000871737 0.000196542 0.0 XRT_5keV
69233.349000 1208994621000000000.000000 0.001251390 0.000274364 0.0 XRT_5keV
69295.912000 1208994621000000000.000000 0.001016792 0.000224697 0.0 XRT_5keV
69346.745000 1208994621000000000.000000 0.001179284 0.000264130 0.0 XRT_5keV
69405.290000 1208994621000000000.000000 0.000814624 0.000184891 0.0 XRT_5keV
69478.129000 1208994621000000000.000000 0.001185369 0.000265057 0.0 XRT_5keV
69542.564000 1208994621000000000.000000 0.000846911 0.000191580 0.0 XRT_5keV
69602.044000 1208994621000000000.000000 0.001238252 0.000271058 0.0 XRT_5keV
69651.133000 1208994621000000000.000000 0.001118881 0.000251846 0.0 XRT_5keV
69703.172000 1208994621000000000.000000 0.001425893 0.000313117 0.0 XRT_5keV
69770.729000 1208994621000000000.000000 0.000749108 0.000168058 0.0 XRT_5keV
69843.694000 1208994621000000000.000000 0.000942393 0.000211770 0.0 XRT_5keV
69900.861000 1208994621000000000.000000 0.000947963 0.000213728 0.0 XRT_5keV
69978.087000 1208994621000000000.000000 0.000979963 0.000220577 0.0 XRT_5keV
70047.988000 1208994621000000000.000000 0.000982301 0.000215707 0.0 XRT_5keV
70090.792000 1208994621000000000.000000 0.001398325 0.000314225 0.0 XRT_5keV
70146.451000 1208994621000000000.000000 0.000915396 0.000208110 0.0 XRT_5keV
70206.002000 1208994621000000000.000000 0.001240551 0.000279232 0.0 XRT_5keV
70258.028000 1208994621000000000.000000 0.000985170 0.000220654 0.0 XRT_5keV
70325.350000 1208994621000000000.000000 0.001065006 0.000238928 0.0 XRT_5keV
70381.012000 1208994621000000000.000000 0.001155541 0.000259239 0.0 XRT_5keV
70438.681000 1208994621000000000.000000 0.001130618 0.000252814 0.0 XRT_5keV
70491.901000 1208994621000000000.000000 0.000999934 0.000219579 0.0 XRT_5keV
116166.965000 1208994621000000000.000000 0.000413721 0.000092872 0.0 XRT_5keV
116249.329000 1208994621000000000.000000 0.000418141 0.000093865 0.0 XRT_5keV
116321.916000 1208994621000000000.000000 0.000364583 0.000081842 0.0 XRT_5keV
116392.121000 1208994621000000000.000000 0.000582307 0.000130706 0.0 XRT_5keV
116479.357000 1208994621000000000.000000 0.000703418 0.000153871 0.0 XRT_5keV
116578.413000 1208994621000000000.000000 0.000460524 0.000103768 0.0 XRT_5keV
116680.082000 1208994621000000000.000000 0.000427389 0.000096055 0.0 XRT_5keV
116805.190000 1208994621000000000.000000 0.000409201 0.000090065 0.0 XRT_5keV
116858.984000 1208994621000000000.000000 0.000632326 0.000141576 0.0 XRT_5keV
116918.784000 1208994621000000000.000000 0.000485059 0.000108745 0.0 XRT_5keV
116977.203000 1208994621000000000.000000 0.000482522 0.000108458 0.0 XRT_5keV
117044.698000 1208994621000000000.000000 0.000539807 0.000118087 0.0 XRT_5keV
117170.004000 1208994621000000000.000000 0.000484548 0.000082262 0.0 XRT_5keV
120633.035000 1208994621000000000.000000 0.000414190 0.000093843 0.0 XRT_5keV
120690.454000 1208994621000000000.000000 0.000641251 0.000143576 0.0 XRT_5keV
120753.010000 1208994621000000000.000000 0.000418499 0.000093579 0.0 XRT_5keV
120830.862000 1208994621000000000.000000 0.000365856 0.000082238 0.0 XRT_5keV
120905.455000 1208994621000000000.000000 0.000410161 0.000091948 0.0 XRT_5keV
121083.801000 1208994621000000000.000000 0.000534964 0.000086112 0.0 XRT_5keV
121408.460000 1208994621000000000.000000 0.000893159 0.000200214 0.0 XRT_5keV
121523.855000 1208994621000000000.000000 0.000553088 0.000123836 0.0 XRT_5keV
121585.032000 1208994621000000000.000000 0.000447777 0.000100520 0.0 XRT_5keV
121646.838000 1208994621000000000.000000 0.000484890 0.000108567 0.0 XRT_5keV
121711.275000 1208994621000000000.000000 0.000417969 0.000093583 0.0 XRT_5keV
121854.802000 1208994621000000000.000000 0.000301768 0.000049361 0.0 XRT_5keV
166457.088000 1208994621000000000.000000 0.000243931 0.000054665 0.0 XRT_5keV
166558.261000 1208994621000000000.000000 0.000529615 0.000118818 0.0 XRT_5keV
166671.339000 1208994621000000000.000000 0.000248775 0.000055998 0.0 XRT_5keV
166778.526000 1208994621000000000.000000 0.000245260 0.000055024 0.0 XRT_5keV
166913.043000 1208994621000000000.000000 0.000289103 0.000065004 0.0 XRT_5keV
167009.327000 1208994621000000000.000000 0.000427417 0.000095784 0.0 XRT_5keV
167116.762000 1208994621000000000.000000 0.000245119 0.000055175 0.0 XRT_5keV
167254.871000 1208994621000000000.000000 0.000297957 0.000063716 0.0 XRT_5keV
172200.307000 1208994621000000000.000000 0.000321456 0.000072160 0.0 XRT_5keV
172312.259000 1208994621000000000.000000 0.000274859 0.000061861 0.0 XRT_5keV
172395.503000 1208994621000000000.000000 0.000432484 0.000096957 0.0 XRT_5keV
172488.772000 1208994621000000000.000000 0.000237436 0.000053230 0.0 XRT_5keV
172605.115000 1208994621000000000.000000 0.000400548 0.000090502 0.0 XRT_5keV
172691.491000 1208994621000000000.000000 0.000256651 0.000057763 0.0 XRT_5keV
172799.580000 1208994621000000000.000000 0.000373110 0.000081823 0.0 XRT_5keV
172889.570000 1208994621000000000.000000 0.000302738 0.000068047 0.0 XRT_5keV
172996.091000 1208994621000000000.000000 0.000318932 0.000061973 0.0 XRT_5keV
177994.280000 1208994621000000000.000000 0.000269004 0.000060225 0.0 XRT_5keV
178105.856000 1208994621000000000.000000 0.000248246 0.000055509 0.0 XRT_5keV
178222.070000 1208994621000000000.000000 0.000267043 0.000060079 0.0 XRT_5keV
178329.761000 1208994621000000000.000000 0.000361668 0.000081268 0.0 XRT_5keV
178411.399000 1208994621000000000.000000 0.000498708 0.000108954 0.0 XRT_5keV
178490.230000 1208994621000000000.000000 0.000280885 0.000062885 0.0 XRT_5keV
178600.049000 1208994621000000000.000000 0.000280904 0.000062889 0.0 XRT_5keV
178730.805000 1208994621000000000.000000 0.000262029 0.000058879 0.0 XRT_5keV
178841.504000 1208994621000000000.000000 0.000293598 0.000065892 0.0 XRT_5keV
178968.137000 1208994621000000000.000000 0.000201865 0.000044308 0.0 XRT_5keV
179095.621000 1208994621000000000.000000 0.000300106 0.000067518 0.0 XRT_5keV
179212.781000 1208994621000000000.000000 0.000248731 0.000054531 0.0 XRT_5keV
179354.624000 1208994621000000000.000000 0.000227511 0.000051248 0.0 XRT_5keV
179465.700000 1208994621000000000.000000 0.000261738 0.000058886 0.0 XRT_5keV
179623.403000 1208994621000000000.000000 0.000160967 0.000036393 0.0 XRT_5keV
179775.733000 1208994621000000000.000000 0.000261652 0.000057837 0.0 XRT_5keV
179921.023000 1208994621000000000.000000 0.000208049 0.000046864 0.0 XRT_5keV
180041.503000 1208994621000000000.000000 0.000256181 0.000057565 0.0 XRT_5keV
180163.861000 1208994621000000000.000000 0.000285684 0.000064273 0.0 XRT_5keV
180304.581000 1208994621000000000.000000 0.000225674 0.000046635 0.0 XRT_5keV
183820.013000 1208994621000000000.000000 0.000246501 0.000055525 0.0 XRT_5keV
183955.032000 1208994621000000000.000000 0.000247520 0.000055755 0.0 XRT_5keV
184082.184000 1208994621000000000.000000 0.000275650 0.000060503 0.0 XRT_5keV
184186.333000 1208994621000000000.000000 0.000291128 0.000065820 0.0 XRT_5keV
184330.049000 1208994621000000000.000000 0.000268320 0.000044375 0.0 XRT_5keV
230173.322000 1208994621000000000.000000 0.000150387 0.000034264 0.0 XRT_5keV
230381.308000 1208994621000000000.000000 0.000170794 0.000038698 0.0 XRT_5keV
230572.363000 1208994621000000000.000000 0.000135570 0.000030582 0.0 XRT_5keV
230765.932000 1208994621000000000.000000 0.000245047 0.000055156 0.0 XRT_5keV
230895.308000 1208994621000000000.000000 0.000197473 0.000044448 0.0 XRT_5keV
231082.607000 1208994621000000000.000000 0.000207814 0.000046878 0.0 XRT_5keV
231206.467000 1208994621000000000.000000 0.000207071 0.000046608 0.0 XRT_5keV
231350.388000 1208994621000000000.000000 0.000274824 0.000061520 0.0 XRT_5keV
231463.718000 1208994621000000000.000000 0.000241583 0.000054197 0.0 XRT_5keV
231632.585000 1208994621000000000.000000 0.000205958 0.000046154 0.0 XRT_5keV
231812.182000 1208994621000000000.000000 0.000129301 0.000024764 0.0 XRT_5keV
246886.666000 1208994621000000000.000000 0.000177990 0.000035372 0.0 XRT_5keV
252655.138000 1208994621000000000.000000 0.000145496 0.000024772 0.0 XRT_5keV
258467.013000 1208994621000000000.000000 0.000142097 0.000032020 0.0 XRT_5keV
258749.503000 1208994621000000000.000000 0.000107098 0.000027881 0.0 XRT_5keV
259011.103000 1208994621000000000.000000 0.000132025 0.000034477 0.0 XRT_5keV
259226.229000 1208994621000000000.000000 0.000177518 0.000040032 0.0 XRT_5keV
259519.838000 1208994621000000000.000000 0.000131595 0.000029676 0.0 XRT_5keV
259787.613000 1208994621000000000.000000 0.000151700 0.000034157 0.0 XRT_5keV
260029.580000 1208994621000000000.000000 0.000220768 0.000049594 0.0 XRT_5keV
261888.266000 1208994621000000000.000000 0.000121114 0.000022792 0.0 XRT_5keV
344635.895000 1208994621000000000.000000 0.000090958 0.000023008 0.0 XRT_5keV
344903.557000 1208994621000000000.000000 0.000128823 0.000032517 0.0 XRT_5keV
345159.968000 1208994621000000000.000000 0.000075636 0.000017652 0.0 XRT_5keV
350266.698000 1208994621000000000.000000 0.000082025 0.000021438 0.0 XRT_5keV
350493.535000 1208994621000000000.000000 0.000130650 0.000034070 0.0 XRT_5keV
350661.692000 1208994621000000000.000000 0.000125910 0.000032689 0.0 XRT_5keV
350949.470000 1208994621000000000.000000 0.000131863 0.000023174 0.0 XRT_5keV
356436.099000 1208994621000000000.000000 0.000170625 0.000037477 0.0 XRT_5keV
356721.082000 1208994621000000000.000000 0.000113931 0.000022121 0.0 XRT_5keV
362025.867000 1208994621000000000.000000 0.000131578 0.000033102 0.0 XRT_5keV
362392.703000 1208994621000000000.000000 0.000095834 0.000017920 0.0 XRT_5keV
367750.577000 1208994621000000000.000000 0.000092212 0.000023931 0.0 XRT_5keV
368105.393000 1208994621000000000.000000 0.000063106 0.000015920 0.0 XRT_5keV
373366.488000 1208994621000000000.000000 0.000168049 0.000037796 0.0 XRT_5keV
373575.766000 1208994621000000000.000000 0.000093294 0.000024276 0.0 XRT_5keV
379334.862000 1208994621000000000.000000 0.000062154 0.000011844 0.0 XRT_5keV
419736.476000 1208994621000000000.000000 0.000066706 0.000013028 0.0 XRT_5keV
425014.504000 1208994621000000000.000000 0.000072465 0.000018820 0.0 XRT_5keV
425377.559000 1208994621000000000.000000 0.000069648 0.000018166 0.0 XRT_5keV
425713.379000 1208994621000000000.000000 0.000084935 0.000022118 0.0 XRT_5keV
426123.848000 1208994621000000000.000000 0.000072640 0.000014952 0.0 XRT_5keV
430634.817000 1208994621000000000.000000 0.000066612 0.000017394 0.0 XRT_5keV
430969.795000 1208994621000000000.000000 0.000086008 0.000022326 0.0 XRT_5keV
431479.990000 1208994621000000000.000000 0.000055736 0.000010451 0.0 XRT_5keV
505296.411000 1208994621000000000.000000 0.000045018 0.000011768 0.0 XRT_5keV
505732.691000 1208994621000000000.000000 0.000063585 0.000016513 0.0 XRT_5keV
506213.730000 1208994621000000000.000000 0.000085602 0.000016363 0.0 XRT_5keV
511271.198000 1208994621000000000.000000 0.000037422 0.000009865 0.0 XRT_5keV
511910.723000 1208994621000000000.000000 0.000042446 0.000011073 0.0 XRT_5keV
512331.179000 1208994621000000000.000000 0.000068842 0.000016859 0.0 XRT_5keV
518459.681000 1208994621000000000.000000 0.000041307 0.000010825 0.0 XRT_5keV
522678.091000 1208994621000000000.000000 0.000068818 0.000017882 0.0 XRT_5keV
523273.226000 1208994621000000000.000000 0.000052261 0.000009981 0.0 XRT_5keV
579959.438000 1208994621000000000.000000 0.000035314 0.000009292 0.0 XRT_5keV
580397.897000 1208994621000000000.000000 0.000066780 0.000016912 0.0 XRT_5keV
585625.859000 1208994621000000000.000000 0.000041533 0.000010905 0.0 XRT_5keV
586113.153000 1208994621000000000.000000 0.000039332 0.000009971 0.0 XRT_5keV
591251.299000 1208994621000000000.000000 0.000058332 0.000015170 0.0 XRT_5keV
591892.781000 1208994621000000000.000000 0.000030666 0.000007186 0.0 XRT_5keV
597082.739000 1208994621000000000.000000 0.000048098 0.000012545 0.0 XRT_5keV
597606.037000 1208994621000000000.000000 0.000045185 0.000010491 0.0 XRT_5keV
666160.814000 1208994621000000000.000000 0.000034181 0.000007813 0.0 XRT_5keV
671553.807000 1208994621000000000.000000 0.000062874 0.000016496 0.0 XRT_5keV
672121.315000 1208994621000000000.000000 0.000037307 0.000008676 0.0 XRT_5keV
677429.220000 1208994621000000000.000000 0.000037746 0.000009896 0.0 XRT_5keV
678017.394000 1208994621000000000.000000 0.000032158 0.000008255 0.0 XRT_5keV
683578.346000 1208994621000000000.000000 0.000023078 0.000005741 0.0 XRT_5keV
752124.100000 1208994621000000000.000000 0.000042175 0.000009173 0.0 XRT_5keV
758005.342000 1208994621000000000.000000 0.000032604 0.000007093 0.0 XRT_5keV
763492.493000 1208994621000000000.000000 0.000038653 0.000010190 0.0 XRT_5keV
764266.743000 1208994621000000000.000000 0.000038593 0.000009240 0.0 XRT_5keV
769539.566000 1208994621000000000.000000 0.000026955 0.000005781 0.0 XRT_5keV
835330.484000 1208994621000000000.000000 0.000024355 0.000005163 0.0 XRT_5keV
844040.997000 1208994621000000000.000000 0.000037123 0.000007553 0.0 XRT_5keV
851367.753000 1208994621000000000.000000 0.000027069 0.000004665 0.0 XRT_5keV
1215630.439000 1208994621000000000.000000 0.000010432 0.000001981 0.0 XRT_5keV
1369725.505000 1208994621000000000.000000 0.000008048 0.000002015 0.0 XRT_5keV
1634070.807000 1208994621000000000.000000 0.000006635 0.000001388 0.0 XRT_5keV
2066547.300000 1208994621000000000.000000 0.000004353 0.000001148 0.0 XRT_5keV
2964219.693000 1208994621000000000.000000 0.000002169 0.000000606 0.0 XRT_5keV
3790131.920000 1208994621000000000.000000 0.0 0.000002229 1.0 XRT_5keV
146016.000000 15500000000.000000 1.100000000 0.060000000 0.0 AMI-LA
316224.000000 15500000000.000000 0.580000000 0.050000000 0.0 AMI-LA
488160.000000 15500000000.000000 0.340000000 0.040000000 0.0 AMI-LA
575424.000000 15500000000.000000 0.0 0.220000000 3.0 AMI-LA
2210976.000000 15500000000.000000 0.0 0.190000000 3.0 AMI-LA
74.120606 467706708268330.750000 645.916737600 28.542682200 0.0 R-band
10121.337910 467706708268330.750000 1.182414464 0.052250202 0.0 R-band
13762.087140 467706708268330.750000 0.783524757 0.052528073 0.0 R-band
20329.200130 467706708268330.750000 0.519100241 0.059261353 0.0 R-band
27340.818010 467706708268330.750000 0.687091959 0.046042774 0.0 R-band
27660.264280 467706708268330.750000 0.577943858 0.025555771 0.0 R-band
29975.037030 467706708268330.750000 0.082553083 0.003647972 0.0 R-band
36731.959510 467706708268330.750000 0.399919026 0.055393842 0.0 R-band
39429.377370 467706708268330.750000 0.351205893 0.015509392 0.0 R-band
40363.985730 467706708268330.750000 0.289088536 0.001000000 0.0 R-band
43330.530300 467706708268330.750000 0.265093991 0.023946346 0.0 R-band
44889.597200 467706708268330.750000 0.232822966 0.005088548 0.0 R-band
73759.479500 467706708268330.750000 0.144526264 0.006386531 0.0 R-band
151576.877400 467706708268330.750000 0.033892569 0.001496709 0.0 R-band
162825.556500 467706708268330.750000 0.052218565 0.002307508 0.0 R-band
249219.876700 467706708268330.750000 0.034592921 0.000756058 0.0 R-band
334720.653800 467706708268330.750000 0.015872976 0.000701418 0.0 R-band
811403.568000 1400000000.000000 0.390000000 0.059000000 0.0 GMRT
