# t(s) nu(Hz) Fnu(mJy) eFnu(mJy) upperlimit Instrument
41351.082944 1208994621000000000.000000 0.000691205 0.000034560 0.0 XRT_5keV
46247.034604 1208994621000000000.000000 0.000614011 0.000030701 0.0 XRT_5keV
51722.664979 1208994621000000000.000000 0.000452448 0.000022622 0.0 XRT_5keV
57846.607798 1208994621000000000.000000 0.000630506 0.000031525 0.0 XRT_5keV
64695.622994 1208994621000000000.000000 0.000378190 0.000018910 0.0 XRT_5keV
72355.558846 1208994621000000000.000000 0.000331896 0.000016595 0.0 XRT_5keV
80922.428035 1208994621000000000.000000 0.000310080 0.000015504 0.0 XRT_5keV
90503.611105 1208994621000000000.000000 0.000266722 0.000013336 0.0 XRT_5keV
101219.202414 1208994621000000000.000000 0.000242777 0.000012139 0.0 XRT_5keV
141596.956761 1208994621000000000.000000 0.000138259 0.000006913 0.0 XRT_5keV
158361.979732 1208994621000000000.000000 0.000182238 0.000009112 0.0 XRT_5keV
177111.974709 1208994621000000000.000000 0.000110598 0.000005530 0.0 XRT_5keV
198081.961582 1208994621000000000.000000 0.000104686 0.000005234 0.0 XRT_5keV
221534.786502 1208994621000000000.000000 0.000075856 0.000003793 0.0 XRT_5keV
247764.416500 1208994621000000000.000000 0.000054226 0.000002711 0.0 XRT_5keV
277099.624185 1208994621000000000.000000 0.000058198 0.000002910 0.0 XRT_5keV
309908.108711 1208994621000000000.000000 0.000053647 0.000002682 0.0 XRT_5keV
346601.104665 1208994621000000000.000000 0.000052009 0.000002600 0.0 XRT_5keV
433534.784136 1208994621000000000.000000 0.000024092 0.000001205 0.0 XRT_5keV
542272.966029 1208994621000000000.000000 0.000017912 0.000000896 0.0 XRT_5keV
606477.868029 1208994621000000000.000000 0.000017627 0.000000881 0.0 XRT_5keV
758593.230258 1208994621000000000.000000 0.000006755 0.000000338 0.0 XRT_5keV
848410.364907 1208994621000000000.000000 0.000012799 0.000000640 0.0 XRT_5keV
948861.812327 1208994621000000000.000000 0.000008200 0.000000410 0.0 XRT_5keV
1061206.670891 1208994621000000000.000000 0.000007385 0.000000369 0.0 XRT_5keV
1327376.049285 1208994621000000000.000000 0.000003155 0.000000158 0.0 XRT_5keV
1484536.841911 1208994621000000000.000000 0.000002709 0.000000135 0.0 XRT_5keV
3639655.639872 1208994621000000000.000000 0.000000571 0.000000103 0.0 Chandra_5keV
31380.480000 5000000000.000000 0.078200000 0.023900000 0.0 VLA
31380.480000 7400000000.000000 0.090800000 0.018600000 0.0 VLA
30360.960000 8500000000.000000 0.043800000 0.029100000 0.0 VLA
30360.960000 11000000000.000000 0.050600000 0.027400000 0.0 VLA
100932.480000 5000000000.000000 0.204700000 0.022300000 0.0 VLA
100932.480000 7400000000.000000 0.437100000 0.018500000 0.0 VLA
99601.920000 8500000000.000000 0.664700000 0.022900000 0.0 VLA
99601.920000 11000000000.000000 0.963400000 0.017200000 0.0 VLA
98228.160000 13500000000.000000 0.946000000 0.027200000 0.0 VLA
98228.160000 16000000000.000000 1.025900000 0.031700000 0.0 VLA
96448.320000 19200000000.000000 1.341700000 0.033700000 0.0 VLA
96448.320000 24500000000.000000 1.891800000 0.056300000 0.0 VLA
94271.040000 30000000000.000000 2.117800000 0.047900000 0.0 VLA
94271.040000 37000000000.000000 2.410900000 0.061500000 0.0 VLA
185578.560000 5000000000.000000 0.509100000 0.018900000 0.0 VLA
185578.560000 7400000000.000000 0.754100000 0.014900000 0.0 VLA
183677.760000 19200000000.000000 1.140000000 0.016000000 0.0 VLA
183677.760000 24500000000.000000 1.171000000 0.021000000 0.0 VLA
258655.680000 5000000000.000000 0.447600000 0.018000000 0.0 VLA
258655.680000 7400000000.000000 1.049600000 0.015700000 0.0 VLA
257307.840000 8500000000.000000 1.049000000 0.017100000 0.0 VLA
257307.840000 11000000000.000000 0.757500000 0.019400000 0.0 VLA
255942.720000 13500000000.000000 0.733300000 0.017600000 0.0 VLA
255942.720000 16000000000.000000 0.704800000 0.023600000 0.0 VLA
254162.880000 19200000000.000000 0.696700000 0.028300000 0.0 VLA
254162.880000 24500000000.000000 0.680500000 0.050700000 0.0 VLA
251985.600000 30000000000.000000 0.576100000 0.048800000 0.0 VLA
251985.600000 37000000000.000000 0.626000000 0.070800000 0.0 VLA
350784.000000 1644000000.000000 0.250900000 0.103900000 0.0 VLA
350784.000000 2679000000.000000 0.222200000 0.035400000 0.0 VLA
350784.000000 3523000000.000000 0.384400000 0.027100000 0.0 VLA
350784.000000 5000000000.000000 0.430400000 0.014700000 0.0 VLA
350784.000000 7400000000.000000 1.389100000 0.020200000 0.0 VLA
350784.000000 8500000000.000000 1.044900000 0.018600000 0.0 VLA
350784.000000 11000000000.000000 1.261000000 0.017900000 0.0 VLA
350784.000000 13500000000.000000 0.830800000 0.025400000 0.0 VLA
350784.000000 16000000000.000000 0.692000000 0.027500000 0.0 VLA
350784.000000 19200000000.000000 0.603300000 0.018600000 0.0 VLA
350784.000000 24500000000.000000 0.536500000 0.026900000 0.0 VLA
350784.000000 30000000000.000000 0.408100000 0.040400000 0.0 VLA
350784.000000 37000000000.000000 0.408100000 0.041100000 0.0 VLA
458784.000000 1255000000.000000 0.432000000 0.144000000 0.0 VLA
458784.000000 1644000000.000000 0.249500000 0.074600000 0.0 VLA
458784.000000 2679000000.000000 0.207300000 0.044800000 0.0 VLA
458784.000000 3523000000.000000 0.337200000 0.025300000 0.0 VLA
518400.000000 1255000000.000000 0.942600000 0.314200000 0.0 VLA
518400.000000 1644000000.000000 0.172700000 0.069500000 0.0 VLA
518400.000000 2679000000.000000 0.334800000 0.040100000 0.0 VLA
518400.000000 3523000000.000000 0.300100000 0.023100000 0.0 VLA
518400.000000 5000000000.000000 0.324300000 0.025500000 0.0 VLA
518400.000000 7400000000.000000 0.274900000 0.014800000 0.0 VLA
518400.000000 8500000000.000000 0.267400000 0.018000000 0.0 VLA
518400.000000 11000000000.000000 0.208200000 0.019200000 0.0 VLA
518400.000000 13500000000.000000 0.238900000 0.024100000 0.0 VLA
518400.000000 16000000000.000000 0.214000000 0.022700000 0.0 VLA
518400.000000 19200000000.000000 0.213400000 0.030300000 0.0 VLA
518400.000000 24500000000.000000 0.225800000 0.056400000 0.0 VLA
518400.000000 30000000000.000000 0.132700000 0.047000000 0.0 VLA
518400.000000 37000000000.000000 0.154200000 0.071100000 0.0 VLA
866592.000000 1255000000.000000 0.264000000 0.088000000 0.0 VLA
866592.000000 1644000000.000000 0.270200000 0.102600000 0.0 VLA
866592.000000 2679000000.000000 0.161000000 0.045900000 0.0 VLA
866592.000000 3523000000.000000 0.148300000 0.025200000 0.0 VLA
866592.000000 5000000000.000000 0.167900000 0.017500000 0.0 VLA
866592.000000 7400000000.000000 0.167900000 0.019300000 0.0 VLA
866592.000000 8500000000.000000 0.155200000 0.032000000 0.0 VLA
866592.000000 11000000000.000000 0.140200000 0.022800000 0.0 VLA
866592.000000 13500000000.000000 0.119500000 0.044000000 0.0 VLA
866592.000000 16000000000.000000 0.142000000 0.047600000 0.0 VLA
866592.000000 19200000000.000000 0.147800000 0.039600000 0.0 VLA
866592.000000 24500000000.000000 0.135000000 0.045000000 0.0 VLA
866592.000000 30000000000.000000 0.078200000 0.060400000 0.0 VLA
866592.000000 37000000000.000000 0.099800000 0.068000000 0.0 VLA
1723680.000000 2679000000.000000 0.075700000 0.021800000 0.0 VLA
1723680.000000 3523000000.000000 0.051200000 0.016300000 0.0 VLA
1723680.000000 5000000000.000000 0.137200000 0.018900000 0.0 VLA
1723680.000000 7400000000.000000 0.109900000 0.016200000 0.0 VLA
1723680.000000 8500000000.000000 0.089400000 0.019300000 0.0 VLA
1723680.000000 11000000000.000000 0.065900000 0.018500000 0.0 VLA
1723680.000000 13500000000.000000 0.083600000 0.013700000 0.0 VLA
1723680.000000 16000000000.000000 0.069200000 0.011900000 0.0 VLA
2064960.000000 6000000000.000000 0.080000000 0.008000000 0.0 VLA
2064960.000000 9000000000.000000 0.071000000 0.007000000 0.0 VLA
3188160.000000 5000000000.000000 0.050000000 0.007000000 0.0 VLA
3188160.000000 6900000000.000000 0.052000000 0.007000000 0.0 VLA
3188160.000000 8500000000.000000 0.041000000 0.006000000 0.0 VLA
3188160.000000 9500000000.000000 0.029000000 0.006000000 0.0 VLA
6903360.000000 6000000000.000000 0.027000000 0.006000000 0.0 VLA
6903360.000000 9000000000.000000 0.025000000 0.005000000 0.0 VLA
5616.000000 483548387096774.187500 0 0.105133003 3.0 r-band
20692.800000 483548387096774.187500 0.001861116 0.001136846 0.0 r-band
88992.000000 483548387096774.187500 0.000852604 0.000970562 0.0 r-band
2435616.000000 483548387096774.187500 0.000671760 0.001290815 0.0 r-band
42422.400000 483548387096774.187500 0.001675639 0.001521976 0.0 r-band
501120.000000 195947712418300.656250 0.024203950 0.003995261 0.0 F160W
3049920.000000 195947712418300.656250 0.000555000 0.000037500 0.0 F160W
2142720.000000 195947712418300.656250 0 0.006677971 3.0 F160W
88992.000000 267678571428571.406250 0.091877217 0.007329520 0.0 F110W
3049920.000000 267678571428571.406250 0.000687000 0.000036100 0.0 F110W
31363.200000 637872340425532.000000 0.157925275 0.133528044 0.0 g-band
88992.000000 637872340425532.000000 0.071244812 0.042881741 0.0 g-band
